+380 50 123 4500
+380 63 234 5611
+380 66 345 6722
+380 67 456 7833
+380 68 567 8944
+380 91 678 9055
+380 92 789 0166
+380 93 890 1277
+380 95 901 2388
+380 99 012 3499
+380 50 123 4501
+380 63 234 5612
+380 66 345 6723
+380 67 456 7834
+380 68 567 8945
+380 91 678 9056
+380 92 789 0167
+380 93 890 1278
+380 95 901 2389
+380 99 012 3500
+380 50 123 4502
+380 63 234 5613
+380 66 345 6724
+380 67 456 7835
+380 68 567 8946
+380 91 678 9057
+380 92 789 0168
+380 93 890 1279
+380 95 901 2390
+380 99 012 3501
+380 50 123 4503
+380 63 234 5614
+380 66 345 6725
+380 67 456 7836
+380 68 567 8947
+380 91 678 9058
+380 92 789 0169
+380 93 890 1280
+380 95 901 2391
+380 99 012 3502
+380 50 123 4504
+380 63 234 5615
+380 66 345 6726
+380 67 456 7837
+380 68 567 8948
+380 91 678 9059
+380 92 789 0170
+380 93 890 1281
+380 95 901 2392
+380 99 012 3503
+380 50 123 4505
+380 63 234 5616
+380 66 345 6727
+380 67 456 7838
+380 68 567 8949
+380 91 678 9060
+380 92 789 0171
+380 93 890 1282
+380 95 901 2393
+380 99 012 3504
+380 50 123 4506
+380 63 234 5617
+380 66 345 6728
+380 67 456 7839
+380 68 567 8950
+380 91 678 9061
+380 92 789 0172
+380 93 890 1283
+380 95 901 2394
+380 99 012 3505
+380 50 123 4507
+380 63 234 5618
+380 66 345 6729
+380 67 456 7840
+380 68 567 8951
+380 91 678 9062
+380 92 789 0173
+380 93 890 1284
+380 95 901 2395
+380 99 012 3506
+380 50 123 4508
+380 63 234 5619
+380 66 345 6730
+380 67 456 7841
+380 68 567 8952
+380 91 678 9063
+380 92 789 0174
+380 93 890 1285
+380 95 901 2396
+380 99 012 3507
+380 50 123 4509
+380 63 234 5620
+380 66 345 6731
+380 67 456 7842
+380 68 567 8953
+380 91 678 9064
+380 92 789 0175
+380 93 890 1286
+380 95 901 2397
+380 99 012 3508
+380 50 123 4510
+380 63 234 5621
+380 66 345 6732
+380 67 456 7843
+380 68 567 8954
+380 91 678 9065
+380 92 789 0176
+380 93 890 1287
+380 95 901 2398
+380 99 012 3509
+380 50 123 4511
+380 63 234 5622
+380 66 345 6733
+380 67 456 7844
+380 68 567 8955
+380 91 678 9066
+380 92 789 0177
+380 93 890 1288
+380 95 901 2399
+380 99 012 3510
